image: kth_y2_floorsix_full.pgm
resolution: 0.25000
origin: [0.000000, 0.000000, 0.000000]
negate: 0
occupied_thresh: 0.65
free_thresh: 0.196

